object={
	name="french_dynamic_forestry_objects_generator_2_0"
	clamp_to_water_level=no
	render_under_water=no
	generated_content=yes
	layer="forestry_dynamic"
	pdxmesh="generic_forestry_lumberpile_02_mesh"
	count=171
	transform="4083.456055 0.000000 2592.085205 0.000000 0.969734 0.000000 -0.244162 0.000000 0.000000 0.000000
4073.385498 0.000000 2574.715088 0.000000 0.138222 0.000000 0.990401 0.000000 0.000000 0.000000
4059.932861 0.000000 2562.066406 0.000000 0.341834 0.000000 -0.939760 0.000000 0.000000 0.000000
4076.051758 0.000000 2573.891113 0.000000 0.552466 0.000000 -0.833535 0.000000 0.000000 0.000000
4095.510498 0.000000 2566.533691 0.000000 0.818660 0.000000 -0.574278 0.000000 0.000000 0.000000
4075.765381 0.000000 2571.081055 0.000000 0.089597 0.000000 -0.995978 1.000000 1.000000 1.000000
4012.412598 0.000000 2697.039307 0.000000 0.747759 0.000000 -0.663970 0.000000 0.000000 0.000000
4017.129150 0.000000 2705.171631 0.000000 0.631407 0.000000 0.775452 0.000000 0.000000 0.000000
4018.103760 0.000000 2703.098633 0.000000 0.999856 0.000000 0.016948 0.000000 0.000000 0.000000
4027.003418 0.000000 2700.775391 0.000000 0.428857 0.000000 0.903372 0.000000 0.000000 0.000000
4065.210205 0.000000 2699.638916 0.000000 0.916799 0.000000 0.399350 0.000000 0.000000 0.000000
4041.063721 0.000000 2685.227539 0.000000 0.998112 0.000000 0.061412 0.000000 0.000000 0.000000
4057.237549 0.000000 2660.924561 0.000000 0.893762 0.000000 0.448541 0.000000 0.000000 0.000000
4073.322754 0.000000 2703.041260 0.000000 0.224802 0.000000 0.974404 0.000000 0.000000 0.000000
4067.200439 0.000000 2667.562500 0.000000 0.872115 0.000000 -0.489301 0.000000 0.000000 0.000000
4068.029297 0.000000 2673.318359 0.000000 0.718914 0.000000 -0.695099 0.000000 0.000000 0.000000
4043.616455 0.000000 2684.106689 0.000000 0.832135 0.000000 0.554574 0.000000 0.000000 0.000000
4075.596436 0.000000 2703.307129 0.000000 0.409417 0.000000 -0.912347 0.000000 0.000000 0.000000
4086.385498 0.000000 2658.674561 0.000000 0.988540 0.000000 0.150958 0.000000 0.000000 0.000000
4081.315186 0.000000 2697.463867 0.000000 0.997774 0.000000 -0.066693 0.000000 0.000000 0.000000
4079.085449 0.000000 2693.593750 0.000000 0.702485 0.000000 -0.711698 0.000000 0.000000 0.000000
4079.135498 0.000000 2670.821777 0.000000 0.490959 0.000000 -0.871182 0.000000 0.000000 0.000000
4071.104736 0.000000 2666.659180 0.000000 0.354800 0.000000 0.934942 0.000000 0.000000 0.000000
4079.447998 0.000000 2723.935791 0.000000 0.522555 0.000000 -0.852606 0.000000 0.000000 0.000000
4122.979980 0.000000 2583.629639 0.000000 0.839229 0.000000 0.543778 0.000000 0.000000 0.000000
4129.210449 0.000000 2586.670166 0.000000 0.034079 0.000000 0.999419 0.000000 0.000000 0.000000
4131.765137 0.000000 2567.644043 0.000000 0.572252 0.000000 0.820078 0.000000 0.000000 0.000000
4123.131348 0.000000 2557.917969 0.000000 0.978252 0.000000 -0.207420 0.000000 0.000000 0.000000
4113.260254 0.000000 2568.253906 0.000000 0.943735 0.000000 0.330702 0.000000 0.000000 0.000000
4134.889160 0.000000 2565.236572 0.000000 0.927262 0.000000 0.374414 0.000000 0.000000 0.000000
4130.735840 0.000000 2581.449951 0.000000 0.370736 0.000000 -0.928738 0.000000 0.000000 0.000000
4143.145508 0.000000 2559.944824 0.000000 0.623853 0.000000 0.781542 0.000000 0.000000 0.000000
4134.346680 0.000000 2596.054443 0.000000 0.829794 0.000000 -0.558069 0.000000 0.000000 0.000000
4144.580566 0.000000 2572.237549 0.000000 0.783185 0.000000 -0.621789 0.000000 0.000000 0.000000
4115.991699 0.000000 2575.024414 0.000000 0.854832 0.000000 -0.518905 0.000000 0.000000 0.000000
4134.581055 0.000000 2576.921387 0.000000 0.422046 0.000000 0.906574 0.000000 0.000000 0.000000
4135.591309 0.000000 2583.632812 0.000000 0.438955 0.000000 -0.898509 0.000000 0.000000 0.000000
4131.689941 0.000000 2593.398438 0.000000 0.241836 0.000000 0.970317 0.000000 0.000000 0.000000
4124.928223 0.000000 2559.677002 0.000000 0.010342 0.000000 0.999947 0.000000 0.000000 0.000000
4158.390625 0.000000 2597.557373 0.000000 0.641897 0.000000 0.766791 0.000000 0.000000 0.000000
4122.245605 0.000000 2560.308838 0.000000 0.690145 0.000000 0.723671 0.000000 0.000000 0.000000
4127.373535 0.000000 2585.229980 0.000000 0.746737 0.000000 -0.665119 0.000000 0.000000 0.000000
4127.888672 0.000000 2563.341064 0.000000 0.929624 0.000000 0.368510 0.000000 0.000000 0.000000
4113.493164 0.000000 2585.769775 0.000000 0.958910 0.000000 -0.283710 0.000000 0.000000 0.000000
4134.962402 0.000000 2585.976807 0.000000 0.362352 0.000000 -0.932041 0.000000 0.000000 0.000000
4132.682129 0.000000 2565.586182 0.000000 0.969292 0.000000 -0.245914 0.000000 0.000000 0.000000
4132.916016 0.000000 2569.859375 0.000000 0.504113 0.000000 0.863638 0.000000 0.000000 0.000000
4125.739258 0.000000 2563.260010 0.000000 0.494255 0.000000 -0.869317 1.000000 1.000000 1.000000
4126.716309 0.000000 2588.034912 0.000000 0.850662 0.000000 -0.525714 0.000000 0.000000 0.000000
4134.819824 0.000000 2594.048584 0.000000 0.579877 0.000000 -0.814704 0.000000 0.000000 0.000000
4130.967773 0.000000 2576.539551 0.000000 0.306723 0.000000 -0.951799 0.000000 0.000000 0.000000
4133.379395 0.000000 2578.683594 0.000000 0.567806 0.000000 0.823162 1.000000 1.000000 1.000000
4132.830078 0.000000 2576.724609 0.000000 0.833684 0.000000 -0.552242 1.000000 1.000000 1.000000
4144.891113 0.000000 2570.170898 0.000000 0.082345 0.000000 -0.996604 0.000000 0.000000 0.000000
4129.128418 0.000000 2582.560059 0.000000 0.009586 0.000000 0.999954 0.000000 0.000000 0.000000
4141.839355 0.000000 2568.482666 0.000000 0.456336 0.000000 -0.889808 1.000000 1.000000 1.000000
4135.989746 0.000000 2567.700684 0.000000 0.875135 0.000000 0.483878 1.000000 1.000000 1.000000
4216.065918 0.000000 2567.159424 0.000000 0.273640 0.000000 -0.961832 0.000000 0.000000 0.000000
4202.009766 0.000000 2596.733643 0.000000 0.998257 0.000000 -0.059016 0.000000 0.000000 0.000000
4205.434082 0.000000 2571.526123 0.000000 0.978188 0.000000 0.207722 0.000000 0.000000 0.000000
4160.156738 0.000000 2596.697021 0.000000 0.094063 0.000000 -0.995566 0.000000 0.000000 0.000000
4097.451172 0.000000 2610.456787 0.000000 0.230600 0.000000 0.973049 0.000000 0.000000 0.000000
4144.541992 0.000000 2620.866455 0.000000 0.987199 0.000000 0.159491 0.000000 0.000000 0.000000
4103.979980 0.000000 2640.416504 0.000000 0.992841 0.000000 0.119447 0.000000 0.000000 0.000000
4102.330566 0.000000 2610.378174 0.000000 0.993918 0.000000 -0.110126 0.000000 0.000000 0.000000
4158.270020 0.000000 2602.712646 0.000000 0.905960 0.000000 0.423364 0.000000 0.000000 0.000000
4121.681152 0.000000 2632.058838 0.000000 0.875506 0.000000 0.483207 0.000000 0.000000 0.000000
4148.463867 0.000000 2613.363037 0.000000 0.354807 0.000000 -0.934940 0.000000 0.000000 0.000000
4120.572266 0.000000 2637.745605 0.000000 0.962202 0.000000 -0.272338 0.000000 0.000000 0.000000
4137.967773 0.000000 2628.099121 0.000000 0.049593 0.000000 -0.998770 0.000000 0.000000 0.000000
4113.360840 0.000000 2644.441650 0.000000 0.783784 0.000000 -0.621034 0.000000 0.000000 0.000000
4104.614258 0.000000 2611.810059 0.000000 0.306457 0.000000 -0.951885 0.000000 0.000000 0.000000
4119.339844 0.000000 2630.688721 0.000000 0.971517 0.000000 -0.236969 0.000000 0.000000 0.000000
4119.935547 0.000000 2635.336426 0.000000 0.252938 0.000000 0.967483 0.000000 0.000000 0.000000
4152.630371 0.000000 2651.736328 0.000000 0.600928 0.000000 -0.799303 0.000000 0.000000 0.000000
4145.424316 0.000000 2636.697754 0.000000 0.585514 0.000000 0.810663 0.000000 0.000000 0.000000
4139.060059 0.000000 2632.414795 0.000000 0.385774 0.000000 -0.922594 0.000000 0.000000 0.000000
4146.394043 0.000000 2650.403076 0.000000 0.976272 0.000000 0.216550 0.000000 0.000000 0.000000
4149.007812 0.000000 2639.431641 0.000000 0.997709 0.000000 0.067652 0.000000 0.000000 0.000000
4153.007324 0.000000 2643.941895 0.000000 0.956892 0.000000 -0.290445 0.000000 0.000000 0.000000
4106.618164 0.000000 2611.825684 0.000000 0.695669 0.000000 -0.718362 0.000000 0.000000 0.000000
4143.350098 0.000000 2653.024414 0.000000 0.955183 0.000000 -0.296017 0.000000 0.000000 0.000000
4149.449707 0.000000 2648.172852 0.000000 0.342882 0.000000 0.939378 1.000000 1.000000 1.000000
4151.432129 0.000000 2647.364990 0.000000 0.353995 0.000000 0.935247 1.000000 1.000000 1.000000
4151.893555 0.000000 2641.786133 0.000000 0.905249 0.000000 -0.424882 0.000000 0.000000 0.000000
4145.324707 0.000000 2633.878418 0.000000 0.108550 0.000000 -0.994091 1.000000 1.000000 1.000000
4148.072754 0.000000 2646.784424 0.000000 0.115650 0.000000 -0.993290 1.000000 1.000000 1.000000
4161.318848 0.000000 2637.169678 0.000000 0.603613 0.000000 0.797278 0.000000 0.000000 0.000000
4191.758301 0.000000 2628.440918 0.000000 0.759489 0.000000 -0.650520 0.000000 0.000000 0.000000
4209.519043 0.000000 2604.610840 0.000000 0.833239 0.000000 0.552913 0.000000 0.000000 0.000000
4212.365234 0.000000 2637.547607 0.000000 0.004421 0.000000 0.999990 0.000000 0.000000 0.000000
4210.842773 0.000000 2616.151123 0.000000 0.963711 0.000000 -0.266947 0.000000 0.000000 0.000000
4172.552734 0.000000 2624.475342 0.000000 0.243069 0.000000 0.970009 0.000000 0.000000 0.000000
4174.875488 0.000000 2643.043213 0.000000 0.952035 0.000000 0.305991 0.000000 0.000000 0.000000
4194.932617 0.000000 2652.358154 0.000000 0.917616 0.000000 -0.397469 0.000000 0.000000 0.000000
4197.098633 0.000000 2641.152344 0.000000 0.693476 0.000000 0.720480 0.000000 0.000000 0.000000
4208.647949 0.000000 2638.757080 0.000000 0.986370 0.000000 -0.164545 0.000000 0.000000 0.000000
4215.060547 0.000000 2639.880859 0.000000 0.965517 0.000000 -0.260340 0.000000 0.000000 0.000000
4221.611816 0.000000 2637.041016 0.000000 0.935168 0.000000 0.354204 0.000000 0.000000 0.000000
4175.197266 0.000000 2609.914062 0.000000 0.955255 0.000000 0.295785 0.000000 0.000000 0.000000
4163.510742 0.000000 2645.209229 0.000000 0.782947 0.000000 -0.622088 0.000000 0.000000 0.000000
4171.486816 0.000000 2606.840820 0.000000 0.382936 0.000000 0.923775 0.000000 0.000000 0.000000
4215.819336 0.000000 2617.112061 0.000000 0.587525 0.000000 -0.809206 0.000000 0.000000 0.000000
4163.820801 0.000000 2612.086670 0.000000 0.847642 0.000000 0.530568 0.000000 0.000000 0.000000
4176.244141 0.000000 2627.479004 0.000000 0.772117 0.000000 0.635481 0.000000 0.000000 0.000000
4219.000977 0.000000 2636.082275 0.000000 0.870035 0.000000 -0.492990 0.000000 0.000000 0.000000
4213.428223 0.000000 2616.122559 0.000000 0.131581 0.000000 0.991305 0.000000 0.000000 0.000000
4194.111328 0.000000 2629.896484 0.000000 0.424723 0.000000 -0.905323 0.000000 0.000000 0.000000
4216.742188 0.000000 2628.175049 0.000000 0.982696 0.000000 -0.185225 0.000000 0.000000 0.000000
4193.680176 0.000000 2654.108887 0.000000 0.999997 0.000000 -0.002610 1.000000 1.000000 1.000000
4127.453613 0.000000 2671.495850 0.000000 0.928642 0.000000 0.370978 0.000000 0.000000 0.000000
4136.015625 0.000000 2662.394287 0.000000 0.999913 0.000000 -0.013226 0.000000 0.000000 0.000000
4140.412598 0.000000 2697.039307 0.000000 0.869141 0.000000 0.494565 0.000000 0.000000 0.000000
4148.014648 0.000000 2663.608887 0.000000 0.691243 0.000000 0.722623 0.000000 0.000000 0.000000
4151.819336 0.000000 2673.596436 0.000000 0.096151 0.000000 -0.995367 0.000000 0.000000 0.000000
4155.000977 0.000000 2692.566650 0.000000 0.382427 0.000000 0.923986 0.000000 0.000000 0.000000
4139.095215 0.000000 2669.084229 0.000000 0.126914 0.000000 -0.991914 0.000000 0.000000 0.000000
4142.782227 0.000000 2696.829834 0.000000 0.998624 0.000000 -0.052440 0.000000 0.000000 0.000000
4150.180664 0.000000 2678.615723 0.000000 0.694404 0.000000 0.719585 0.000000 0.000000 0.000000
4151.794922 0.000000 2667.771729 0.000000 0.111941 0.000000 -0.993715 0.000000 0.000000 0.000000
4141.143066 0.000000 2655.067871 0.000000 0.979326 0.000000 -0.202288 0.000000 0.000000 0.000000
4141.747070 0.000000 2703.457275 0.000000 0.785961 0.000000 -0.618276 0.000000 0.000000 0.000000
4146.394043 0.000000 2706.887451 0.000000 0.209991 0.000000 0.977703 0.000000 0.000000 0.000000
4141.585449 0.000000 2665.198730 0.000000 0.300655 0.000000 -0.953733 1.000000 1.000000 1.000000
4136.199219 0.000000 2685.611572 0.000000 0.509423 0.000000 0.860516 0.000000 0.000000 0.000000
4136.688965 0.000000 2679.166016 0.000000 0.668851 0.000000 -0.743396 0.000000 0.000000 0.000000
4153.360352 0.000000 2666.022217 0.000000 0.584472 0.000000 0.811414 0.000000 0.000000 0.000000
4147.561035 0.000000 2681.027588 0.000000 0.487901 0.000000 0.872899 0.000000 0.000000 0.000000
4150.302246 0.000000 2669.052979 0.000000 0.912267 0.000000 0.409597 0.000000 0.000000 0.000000
4135.104492 0.000000 2666.659180 0.000000 0.974432 0.000000 0.224683 0.000000 0.000000 0.000000
4151.893555 0.000000 2698.270508 0.000000 0.350297 0.000000 -0.936639 0.000000 0.000000 0.000000
4126.021484 0.000000 2663.032471 0.000000 0.932921 0.000000 -0.360080 0.000000 0.000000 0.000000
4138.442383 0.000000 2682.816406 0.000000 0.834521 0.000000 0.550977 0.000000 0.000000 0.000000
4139.765137 0.000000 2684.049805 0.000000 0.293029 0.000000 -0.956104 1.000000 1.000000 1.000000
4194.900879 0.000000 2654.830322 0.000000 0.782684 0.000000 0.622419 0.000000 0.000000 0.000000
4221.524414 0.000000 2671.835449 0.000000 0.057555 0.000000 0.998342 0.000000 0.000000 0.000000
4171.941895 0.000000 2696.569580 0.000000 0.864913 0.000000 0.501922 0.000000 0.000000 0.000000
4173.506836 0.000000 2690.580078 0.000000 0.599621 0.000000 0.800284 0.000000 0.000000 0.000000
4192.449219 0.000000 2680.760986 0.000000 0.813078 0.000000 0.582155 0.000000 0.000000 0.000000
4172.721191 0.000000 2693.090576 0.000000 0.030124 0.000000 -0.999546 0.000000 0.000000 0.000000
4221.638184 0.000000 2674.488770 0.000000 0.010394 0.000000 0.999946 0.000000 0.000000 0.000000
4223.814453 0.000000 2673.210205 0.000000 0.906147 0.000000 0.422963 0.000000 0.000000 0.000000
4174.401855 0.000000 2696.461426 0.000000 0.837903 0.000000 0.545819 0.000000 0.000000 0.000000
4203.596680 0.000000 2703.307129 0.000000 0.849100 0.000000 -0.528233 0.000000 0.000000 0.000000
4202.219238 0.000000 2700.980225 0.000000 0.999586 0.000000 0.028782 0.000000 0.000000 0.000000
4207.436035 0.000000 2689.487061 0.000000 0.140258 0.000000 -0.990115 0.000000 0.000000 0.000000
4217.678223 0.000000 2669.887207 0.000000 0.169904 0.000000 0.985461 0.000000 0.000000 0.000000
4198.819824 0.000000 2707.017334 0.000000 0.676674 0.000000 0.736282 0.000000 0.000000 0.000000
4175.799805 0.000000 2697.829346 0.000000 0.428016 0.000000 0.903771 0.000000 0.000000 0.000000
4194.177734 0.000000 2681.698730 0.000000 0.268486 0.000000 0.963284 0.000000 0.000000 0.000000
4196.560547 0.000000 2668.821289 0.000000 0.963390 0.000000 -0.268103 0.000000 0.000000 0.000000
4224.098633 0.000000 2661.714600 0.000000 0.807862 0.000000 0.589371 0.000000 0.000000 0.000000
4228.047852 0.000000 2663.115723 0.000000 0.648534 0.000000 0.761186 0.000000 0.000000 0.000000
4230.507812 0.000000 2706.856689 0.000000 0.999188 0.000000 0.040303 0.000000 0.000000 0.000000
4159.487305 0.000000 2741.477783 0.000000 0.778447 0.000000 0.627711 0.000000 0.000000 0.000000
4127.826172 0.000000 2719.372314 0.000000 0.240379 0.000000 0.970679 0.000000 0.000000 0.000000
4134.469727 0.000000 2737.843994 0.000000 0.032450 0.000000 -0.999473 0.000000 0.000000 0.000000
4159.976562 0.000000 2761.865479 0.000000 0.912502 0.000000 -0.409071 0.000000 0.000000 0.000000
4160.254883 0.000000 2758.390869 0.000000 0.288906 0.000000 -0.957357 0.000000 0.000000 0.000000
4161.884766 0.000000 2762.302490 0.000000 0.998779 0.000000 -0.049392 0.000000 0.000000 0.000000
4164.755371 0.000000 2739.122559 0.000000 0.041457 0.000000 -0.999140 0.000000 0.000000 0.000000
4160.894531 0.000000 2741.550049 0.000000 0.999731 0.000000 -0.023174 0.000000 0.000000 0.000000
4166.507812 0.000000 2763.341064 0.000000 0.544768 0.000000 0.838587 0.000000 0.000000 0.000000
4174.979980 0.000000 2736.090088 0.000000 0.213429 0.000000 0.976959 0.000000 0.000000 0.000000
4179.640625 0.000000 2736.561768 0.000000 0.307782 0.000000 0.951457 0.000000 0.000000 0.000000
4269.516602 0.000000 2725.983398 0.000000 0.587451 0.000000 0.809259 0.000000 0.000000 0.000000
4264.832520 0.000000 2714.751221 0.000000 0.461927 0.000000 0.886918 0.000000 0.000000 0.000000
4226.500488 0.000000 2730.994141 0.000000 0.999597 0.000000 0.028402 0.000000 0.000000 0.000000
4224.514160 0.000000 2727.330811 0.000000 0.849093 0.000000 0.528243 0.000000 0.000000 0.000000
4252.928223 0.000000 2729.130127 0.000000 0.687329 0.000000 0.726346 0.000000 0.000000 0.000000
4252.979980 0.000000 2726.529053 0.000000 0.829719 0.000000 0.558182 0.000000 0.000000 0.000000
"}
