object={
	name="french_dynamic_forestry_objects_generator_1_0"
	clamp_to_water_level=no
	render_under_water=no
	generated_content=yes
	layer="forestry_dynamic"
	pdxmesh="french_forestry_scatter_01_mesh"
	count=27
	transform="4080.205322 0.000000 2598.255615 0.000000 0.784616 0.000000 -0.619982 0.000000 0.000000 0.000000
4029.248291 0.000000 2700.767578 0.000000 0.860443 0.000000 0.509547 0.000000 0.000000 0.000000
4052.968506 0.000000 2706.890625 0.000000 0.820456 0.000000 0.571709 0.000000 0.000000 0.000000
4076.662354 0.000000 2705.345703 0.000000 0.190385 0.000000 -0.981710 0.000000 0.000000 0.000000
4086.816650 0.000000 2656.016357 0.000000 0.749794 0.000000 -0.661672 1.000000 1.000000 1.000000
4111.130859 0.000000 2581.168701 0.000000 0.875605 0.000000 -0.483028 0.000000 0.000000 0.000000
4159.586426 0.000000 2595.231445 0.000000 0.931544 0.000000 -0.363630 1.000000 1.000000 1.000000
4118.478027 0.000000 2633.174561 0.000000 0.689704 0.000000 0.724091 1.000000 1.000000 1.000000
4137.385742 0.000000 2631.199463 0.000000 0.481806 0.000000 -0.876278 1.000000 1.000000 1.000000
4146.789551 0.000000 2610.368652 0.000000 0.997402 0.000000 -0.072043 0.000000 0.000000 0.000000
4151.107910 0.000000 2643.482666 0.000000 0.501644 0.000000 0.865074 1.000000 1.000000 1.000000
4195.765137 0.000000 2624.128418 0.000000 0.582925 0.000000 0.812526 0.000000 0.000000 0.000000
4141.516602 0.000000 2669.499023 0.000000 0.675846 0.000000 -0.737043 0.000000 0.000000 0.000000
4124.793945 0.000000 2657.607422 0.000000 0.426009 0.000000 0.904719 0.000000 0.000000 0.000000
4137.563477 0.000000 2681.256592 0.000000 0.977179 0.000000 0.212415 0.000000 0.000000 0.000000
4134.893555 0.000000 2674.212891 0.000000 0.954115 0.000000 -0.299442 0.000000 0.000000 0.000000
4127.826172 0.000000 2662.887939 0.000000 0.998107 0.000000 0.061493 0.000000 0.000000 0.000000
4151.107910 0.000000 2699.967041 0.000000 0.725297 0.000000 -0.688436 0.000000 0.000000 0.000000
4181.705078 0.000000 2681.633301 0.000000 0.842723 0.000000 -0.538347 0.000000 0.000000 0.000000
4161.318848 0.000000 2693.654053 0.000000 0.924976 0.000000 0.380026 0.000000 0.000000 0.000000
4188.793945 0.000000 2657.607422 0.000000 0.963210 0.000000 -0.268751 0.000000 0.000000 0.000000
4223.958008 0.000000 2675.664551 0.000000 0.986521 0.000000 0.163634 0.000000 0.000000 0.000000
4198.893555 0.000000 2674.212891 0.000000 0.135098 0.000000 -0.990832 0.000000 0.000000 0.000000
4225.451172 0.000000 2610.456787 0.000000 0.675706 0.000000 0.737171 0.000000 0.000000 0.000000
4181.705078 0.000000 2738.117676 0.000000 0.717937 0.000000 0.696108 0.000000 0.000000 0.000000
4166.215332 0.000000 2760.187744 0.000000 0.339374 0.000000 0.940651 1.000000 1.000000 1.000000
4136.832520 0.000000 2771.235596 0.000000 0.708835 0.000000 0.705375 0.000000 0.000000 0.000000
"}
